4.00e-08 1.50e-08 0.00 
4.00e-08 1.50e-08 0.02 
4.00e-08 1.50e-08 0.03 
4.00e-08 1.50e-08 0.05 
4.00e-08 1.50e-08 0.06 
4.00e-08 1.50e-08 0.08 
4.00e-08 1.50e-08 0.10 
4.00e-08 1.50e-08 0.11 
4.00e-08 1.50e-08 0.13 
4.00e-08 1.50e-08 0.14 
4.00e-08 1.50e-08 0.16 
4.00e-08 1.50e-08 0.17 
4.00e-08 1.50e-08 0.19 
4.00e-08 1.50e-08 0.21 
4.00e-08 1.50e-08 0.22 
4.00e-08 1.50e-08 0.24 
4.00e-08 1.50e-08 0.25 
4.00e-08 1.50e-08 0.27 
4.00e-08 1.50e-08 0.29 
4.00e-08 1.50e-08 0.30 
4.00e-08 1.50e-08 0.32 
4.00e-08 1.50e-08 0.33 
4.00e-08 1.50e-08 0.35 
4.00e-08 1.50e-08 0.36 
4.00e-08 1.50e-08 0.38 
4.00e-08 1.50e-08 0.40 
4.00e-08 1.50e-08 0.41 
4.00e-08 1.50e-08 0.43 
4.00e-08 1.50e-08 0.44 
4.00e-08 1.50e-08 0.46 
4.00e-08 1.50e-08 0.48 
4.00e-08 1.50e-08 0.49 
4.00e-08 1.50e-08 0.51 
4.00e-08 1.50e-08 0.52 
4.00e-08 1.50e-08 0.54 
4.00e-08 1.50e-08 0.56 
4.00e-08 1.50e-08 0.57 
4.00e-08 1.50e-08 0.59 
4.00e-08 1.50e-08 0.60 
4.00e-08 1.50e-08 0.62 
4.00e-08 1.50e-08 0.63 
4.00e-08 1.50e-08 0.65 
4.00e-08 1.50e-08 0.67 
4.00e-08 1.50e-08 0.68 
4.00e-08 1.50e-08 0.70 
4.00e-08 1.50e-08 0.71 
4.00e-08 1.50e-08 0.73 
4.00e-08 1.50e-08 0.75 
4.00e-08 1.50e-08 0.76 
4.00e-08 1.50e-08 0.78 
4.00e-08 1.50e-08 0.79 
4.00e-08 1.50e-08 0.81 
4.00e-08 1.50e-08 0.83 
4.00e-08 1.50e-08 0.84 
4.00e-08 1.50e-08 0.86 
4.00e-08 1.50e-08 0.87 
4.00e-08 1.50e-08 0.89 
4.00e-08 1.50e-08 0.90 
4.00e-08 1.50e-08 0.92 
4.00e-08 1.50e-08 0.94 
4.00e-08 1.50e-08 0.95 
4.00e-08 1.50e-08 0.97 
4.00e-08 1.50e-08 0.98 
4.00e-08 1.50e-08 1.00 
4.00e-08 1.50e-08 1.02 
4.00e-08 1.50e-08 1.03 
4.00e-08 1.50e-08 1.05 
4.00e-08 1.50e-08 1.06 
4.00e-08 1.50e-08 1.08 
4.00e-08 1.50e-08 1.09 
4.00e-08 1.50e-08 1.11 
4.00e-08 1.50e-08 1.13 
4.00e-08 1.50e-08 1.14 
4.00e-08 1.50e-08 1.16 
4.00e-08 1.50e-08 1.17 
4.00e-08 1.50e-08 1.19 
4.00e-08 1.50e-08 1.21 
4.00e-08 1.50e-08 1.22 
4.00e-08 1.50e-08 1.24 
4.00e-08 1.50e-08 1.25 
4.00e-08 1.50e-08 1.27 
4.00e-08 1.50e-08 1.29 
4.00e-08 1.50e-08 1.30 
4.00e-08 1.50e-08 1.32 
4.00e-08 1.50e-08 1.33 
4.00e-08 1.50e-08 1.35 
4.00e-08 1.50e-08 1.36 
4.00e-08 1.50e-08 1.38 
4.00e-08 1.50e-08 1.40 
4.00e-08 1.50e-08 1.41 
4.00e-08 1.50e-08 1.43 
4.00e-08 1.50e-08 1.44 
4.00e-08 1.50e-08 1.46 
4.00e-08 1.50e-08 1.48 
4.00e-08 1.50e-08 1.49 
4.00e-08 1.50e-08 1.51 
4.00e-08 1.50e-08 1.52 
4.00e-08 1.50e-08 1.54 
4.00e-08 1.50e-08 1.55 
4.00e-08 1.50e-08 1.57 
