 4.019737e-01  2.071875e+00  5.038046e+00  8.364346e+00  1.091915e+01  1.221462e+01  1.258776e+01  1.279037e+01 
 4.023230e-01  2.074130e+00  5.044934e+00  8.377857e+00  1.093828e+01  1.223650e+01  1.261032e+01  1.281319e+01 
 4.033702e-01  2.080888e+00  5.065589e+00  8.418374e+00  1.099566e+01  1.230216e+01  1.267799e+01  1.288165e+01 
 4.051143e-01  2.092144e+00  5.099996e+00  8.485877e+00  1.109127e+01  1.241157e+01  1.279078e+01  1.299577e+01 
 4.075535e-01  2.107889e+00  5.148130e+00  8.580328e+00  1.122509e+01  1.256474e+01  1.294872e+01  1.315557e+01 
 4.106856e-01  2.128109e+00  5.209954e+00  8.701677e+00  1.139707e+01  1.276166e+01  1.315181e+01  1.336108e+01 
 4.145074e-01  2.152785e+00  5.285425e+00  8.849858e+00  1.160716e+01  1.300231e+01  1.340008e+01  1.361234e+01 
 4.190154e-01  2.181897e+00  5.374486e+00  9.024790e+00  1.185528e+01  1.328666e+01  1.369356e+01  1.390940e+01 
 4.242051e-01  2.215418e+00  5.477072e+00  9.226377e+00  1.214137e+01  1.361470e+01  1.403229e+01  1.425232e+01 
 4.300715e-01  2.253320e+00  5.593107e+00  9.454507e+00  1.246532e+01  1.398640e+01  1.441630e+01  1.464115e+01 
 4.366090e-01  2.295569e+00  5.722506e+00  9.709055e+00  1.282704e+01  1.440171e+01  1.484562e+01  1.507597e+01 
 4.438112e-01  2.342127e+00  5.865172e+00  9.989877e+00  1.322638e+01  1.486061e+01  1.532029e+01  1.555683e+01 
 4.516711e-01  2.392955e+00  6.020999e+00  1.029682e+01  1.366323e+01  1.536302e+01  1.584035e+01  1.608382e+01 
 4.601812e-01  2.448006e+00  6.189870e+00  1.062970e+01  1.413742e+01  1.590889e+01  1.640582e+01  1.665699e+01 
 4.693331e-01  2.507233e+00  6.371658e+00  1.098833e+01  1.464878e+01  1.649814e+01  1.701674e+01  1.727643e+01 
 4.791181e-01  2.570582e+00  6.566227e+00  1.137250e+01  1.519712e+01  1.713069e+01  1.767313e+01  1.794219e+01 
 4.895266e-01  2.637998e+00  6.773427e+00  1.178199e+01  1.578224e+01  1.780644e+01  1.837499e+01  1.865433e+01 
 5.005484e-01  2.709421e+00  6.993102e+00  1.221655e+01  1.640390e+01  1.852526e+01  1.912234e+01  1.941291e+01 
 5.121730e-01  2.784787e+00  7.225083e+00  1.267593e+01  1.706186e+01  1.928703e+01  1.991517e+01  2.021797e+01 
 5.243890e-01  2.864028e+00  7.469190e+00  1.315984e+01  1.775585e+01  2.009158e+01  2.075344e+01  2.106953e+01 
 5.371845e-01  2.947074e+00  7.725234e+00  1.366798e+01  1.848557e+01  2.093874e+01  2.163712e+01  2.196762e+01 
 5.505470e-01  3.033849e+00  7.993015e+00  1.420004e+01  1.925070e+01  2.182832e+01  2.256616e+01  2.291223e+01 
 5.644636e-01  3.124277e+00  8.272323e+00  1.475569e+01  2.005091e+01  2.276009e+01  2.354046e+01  2.390333e+01 
 5.789206e-01  3.218274e+00  8.562936e+00  1.533455e+01  2.088583e+01  2.373379e+01  2.455992e+01  2.494087e+01 
 5.939040e-01  3.315756e+00  8.864623e+00  1.593627e+01  2.175505e+01  2.474916e+01  2.562442e+01  2.602479e+01 
 6.093991e-01  3.416634e+00  9.177140e+00  1.656043e+01  2.265815e+01  2.580587e+01  2.673377e+01  2.715499e+01 
 6.253907e-01  3.520817e+00  9.500236e+00  1.720662e+01  2.359468e+01  2.690358e+01  2.788780e+01  2.833131e+01 
 6.418633e-01  3.628208e+00  9.833647e+00  1.787441e+01  2.456414e+01  2.804192e+01  2.908627e+01  2.955360e+01 
 6.588007e-01  3.738710e+00  1.017710e+01  1.856332e+01  2.556603e+01  2.922046e+01  3.032889e+01  3.082165e+01 
 6.761862e-01  3.852220e+00  1.053031e+01  1.927287e+01  2.659979e+01  3.043874e+01  3.161538e+01  3.213519e+01 
 6.940028e-01  3.968634e+00  1.089298e+01  2.000256e+01  2.766482e+01  3.169627e+01  3.294535e+01  3.349394e+01 
 7.122330e-01  4.087843e+00  1.126480e+01  2.075186e+01  2.876052e+01  3.299250e+01  3.431842e+01  3.489753e+01 
 7.308589e-01  4.209737e+00  1.164547e+01  2.152021e+01  2.988621e+01  3.432683e+01  3.573412e+01  3.634558e+01 
 7.498620e-01  4.334201e+00  1.203465e+01  2.230704e+01  3.104120e+01  3.569864e+01  3.719194e+01  3.783763e+01 
 7.692238e-01  4.461119e+00  1.243200e+01  2.311174e+01  3.222475e+01  3.710721e+01  3.869131e+01  3.937316e+01 
 7.889250e-01  4.590371e+00  1.283720e+01  2.393370e+01  3.343609e+01  3.855182e+01  4.023161e+01  4.095160e+01 
 8.089463e-01  4.721836e+00  1.324986e+01  2.477227e+01  3.467440e+01  4.003167e+01  4.181216e+01  4.257229e+01 
 8.292677e-01  4.855387e+00  1.366964e+01  2.562677e+01  3.593881e+01  4.154589e+01  4.343218e+01  4.423453e+01 
 8.498692e-01  4.990898e+00  1.409615e+01  2.649651e+01  3.722843e+01  4.309357e+01  4.509087e+01  4.593754e+01 
 8.707303e-01  5.128240e+00  1.452902e+01  2.738078e+01  3.854231e+01  4.467375e+01  4.678732e+01  4.768044e+01 
 8.918304e-01  5.267280e+00  1.496784e+01  2.827882e+01  3.987947e+01  4.628538e+01  4.852057e+01  4.946232e+01 
 9.131484e-01  5.407883e+00  1.541221e+01  2.918988e+01  4.123887e+01  4.792736e+01  5.028958e+01  5.128214e+01 
 9.346631e-01  5.549915e+00  1.586173e+01  3.011316e+01  4.261943e+01  4.959854e+01  5.209322e+01  5.313880e+01 
 9.563531e-01  5.693237e+00  1.631597e+01  3.104786e+01  4.402003e+01  5.129769e+01  5.393031e+01  5.503113e+01 
 9.781968e-01  5.837708e+00  1.677450e+01  3.199312e+01  4.543951e+01  5.302351e+01  5.579954e+01  5.695784e+01 
 1.000172e+00  5.983187e+00  1.723689e+01  3.294811e+01  4.687666e+01  5.477463e+01  5.769957e+01  5.891757e+01 
 1.022258e+00  6.129530e+00  1.770269e+01  3.391192e+01  4.833021e+01  5.654964e+01  5.962894e+01  6.090887e+01 
 1.044431e+00  6.276594e+00  1.817146e+01  3.488367e+01  4.979888e+01  5.834704e+01  6.158612e+01  6.293019e+01 
 1.066669e+00  6.424231e+00  1.864274e+01  3.586243e+01  5.128132e+01  6.016526e+01  6.356948e+01  6.497989e+01 
 1.088951e+00  6.572295e+00  1.911605e+01  3.684725e+01  5.277613e+01  6.200267e+01  6.557733e+01  6.705623e+01 
 1.111253e+00  6.720637e+00  1.959093e+01  3.783717e+01  5.428191e+01  6.385756e+01  6.760786e+01  6.915738e+01 
 1.133554e+00  6.869108e+00  2.006692e+01  3.883121e+01  5.579716e+01  6.572818e+01  6.965920e+01  7.128141e+01 
 1.155830e+00  7.017558e+00  2.054351e+01  3.982836e+01  5.732039e+01  6.761270e+01  7.172938e+01  7.342631e+01 
 1.178060e+00  7.165837e+00  2.102023e+01  4.082762e+01  5.885003e+01  6.950921e+01  7.381635e+01  7.558996e+01 
 1.200221e+00  7.313794e+00  2.149659e+01  4.182793e+01  6.038452e+01  7.141575e+01  7.591797e+01  7.777016e+01 
 1.222290e+00  7.461276e+00  2.197210e+01  4.282826e+01  6.192221e+01  7.333030e+01  7.803201e+01  7.996459e+01 
 1.244245e+00  7.608134e+00  2.244626e+01  4.382754e+01  6.346145e+01  7.525078e+01  8.015618e+01  8.217088e+01 
 1.266064e+00  7.754215e+00  2.291857e+01  4.482469e+01  6.500055e+01  7.717505e+01  8.228810e+01  8.438654e+01 
 1.287724e+00  7.899369e+00  2.338852e+01  4.581864e+01  6.653780e+01  7.910091e+01  8.442531e+01  8.660901e+01 
 1.309205e+00  8.043444e+00  2.385562e+01  4.680827e+01  6.807142e+01  8.102613e+01  8.656528e+01  8.883565e+01 
 1.330483e+00  8.186291e+00  2.431937e+01  4.779248e+01  6.959967e+01  8.294839e+01  8.870540e+01  9.106372e+01 
 1.351536e+00  8.327760e+00  2.477925e+01  4.877017e+01  7.112072e+01  8.486536e+01  9.084301e+01  9.329044e+01 
 1.372345e+00  8.467703e+00  2.523478e+01  4.974021e+01  7.263276e+01  8.677465e+01  9.297539e+01  9.551293e+01 
 1.392887e+00  8.605971e+00  2.568544e+01  5.070148e+01  7.413396e+01  8.867385e+01  9.509973e+01  9.772825e+01 
 1.413141e+00  8.742419e+00  2.613073e+01  5.165286e+01  7.562246e+01  9.056048e+01  9.721322e+01  9.993342e+01 
 1.433086e+00  8.876902e+00  2.657017e+01  5.259322e+01  7.709640e+01  9.243208e+01  9.931295e+01  1.021254e+02 
 1.452703e+00  9.009277e+00  2.700325e+01  5.352144e+01  7.855390e+01  9.428612e+01  1.013960e+02  1.043010e+02 
 1.471970e+00  9.139401e+00  2.742949e+01  5.443640e+01  7.999308e+01  9.612008e+01  1.034594e+02  1.064572e+02 
 1.490869e+00  9.267136e+00  2.784839e+01  5.533698e+01  8.141207e+01  9.793141e+01  1.055002e+02  1.085908e+02 
 1.509379e+00  9.392343e+00  2.825949e+01  5.622207e+01  8.280899e+01  9.971755e+01  1.075153e+02  1.106986e+02 
 1.527482e+00  9.514889e+00  2.866231e+01  5.709058e+01  8.418197e+01  1.014759e+02  1.095017e+02  1.127773e+02 
 1.545159e+00  9.634639e+00  2.905637e+01  5.794141e+01  8.552914e+01  1.032040e+02  1.114564e+02  1.148237e+02 
 1.562392e+00  9.751464e+00  2.944123e+01  5.877350e+01  8.684866e+01  1.048993e+02  1.133763e+02  1.168346e+02 
 1.579162e+00  9.865238e+00  2.981642e+01  5.958578e+01  8.813870e+01  1.065591e+02  1.152584e+02  1.188067e+02 
 1.595454e+00  9.975834e+00  3.018152e+01  6.037720e+01  8.939744e+01  1.081811e+02  1.170997e+02  1.207368e+02 
 1.611248e+00  1.008313e+01  3.053607e+01  6.114674e+01  9.062311e+01  1.097626e+02  1.188972e+02  1.226217e+02 
 1.626531e+00  1.018702e+01  3.087967e+01  6.189340e+01  9.181394e+01  1.113013e+02  1.206479e+02  1.244583e+02 
 1.641285e+00  1.028737e+01  3.121190e+01  6.261620e+01  9.296823e+01  1.127947e+02  1.223488e+02  1.262433e+02 
 1.655495e+00  1.038408e+01  3.153236e+01  6.331417e+01  9.408428e+01  1.142404e+02  1.239972e+02  1.279737e+02 
 1.669146e+00  1.047705e+01  3.184067e+01  6.398639e+01  9.516045e+01  1.156362e+02  1.255901e+02  1.296465e+02 
 1.682225e+00  1.056616e+01  3.213645e+01  6.463196e+01  9.619515e+01  1.169798e+02  1.271249e+02  1.312587e+02 
 1.694717e+00  1.065132e+01  3.241933e+01  6.525000e+01  9.718682e+01  1.182689e+02  1.285987e+02  1.328074e+02 
 1.706610e+00  1.073244e+01  3.268899e+01  6.583968e+01  9.813399e+01  1.195014e+02  1.300091e+02  1.342898e+02 
 1.717892e+00  1.080942e+01  3.294508e+01  6.640020e+01  9.903520e+01  1.206753e+02  1.313534e+02  1.357032e+02 
 1.728550e+00  1.088219e+01  3.318728e+01  6.693077e+01  9.988908e+01  1.217886e+02  1.326294e+02  1.370450e+02 
 1.738573e+00  1.095064e+01  3.341531e+01  6.743068e+01  1.006943e+02  1.228394e+02  1.338345e+02  1.383127e+02 
 1.747952e+00  1.101472e+01  3.362887e+01  6.789924e+01  1.014497e+02  1.238259e+02  1.349667e+02  1.395039e+02 
 1.756675e+00  1.107435e+01  3.382771e+01  6.833578e+01  1.021540e+02  1.247464e+02  1.360238e+02  1.406164e+02 
 1.764735e+00  1.112946e+01  3.401157e+01  6.873970e+01  1.028061e+02  1.255994e+02  1.370039e+02  1.416480e+02 
 1.772122e+00  1.117998e+01  3.418023e+01  6.911043e+01  1.034051e+02  1.263833e+02  1.379051e+02  1.425968e+02 
 1.778829e+00  1.122587e+01  3.433347e+01  6.944746e+01  1.039499e+02  1.270968e+02  1.387258e+02  1.434609e+02 
 1.784850e+00  1.126707e+01  3.447111e+01  6.975031e+01  1.044397e+02  1.277387e+02  1.394643e+02  1.442386e+02 
 1.790176e+00  1.130354e+01  3.459296e+01  7.001855e+01  1.048738e+02  1.283077e+02  1.401194e+02  1.449285e+02 
 1.794804e+00  1.133522e+01  3.469888e+01  7.025180e+01  1.052514e+02  1.288029e+02  1.406896e+02  1.455292e+02 
 1.798728e+00  1.136209e+01  3.478872e+01  7.044973e+01  1.055719e+02  1.292235e+02  1.411740e+02  1.460394e+02 
 1.801945e+00  1.138412e+01  3.486239e+01  7.061206e+01  1.058349e+02  1.295686e+02  1.415716e+02  1.464583e+02 
 1.804449e+00  1.140128e+01  3.491979e+01  7.073856e+01  1.060399e+02  1.298376e+02  1.418817e+02  1.467850e+02 
 1.806241e+00  1.141354e+01  3.496083e+01  7.082904e+01  1.061865e+02  1.300301e+02  1.421036e+02  1.470188e+02 
 1.807316e+00  1.142091e+01  3.498548e+01  7.088338e+01  1.062746e+02  1.301458e+02  1.422369e+02  1.471592e+02 
 1.807674e+00  1.142337e+01  3.499370e+01  7.090150e+01  1.063040e+02  1.301844e+02  1.422813e+02  1.472061e+02 
