 7.096973e-01  4.031792e+00  1.114737e+01  2.136510e+01  3.223090e+01  4.123839e+01  4.738857e+01  5.117608e+01 
 6.971514e-01  3.937776e+00  1.080723e+01  2.055027e+01  3.077645e+01  3.913953e+01  4.476752e+01  4.819454e+01 
 6.841785e-01  3.842596e+00  1.046922e+01  1.975230e+01  2.936639e+01  3.711684e+01  4.224941e+01  4.533460e+01 
 6.707446e-01  3.746070e+00  1.013278e+01  1.896970e+01  2.799775e+01  3.516601e+01  3.982954e+01  4.259224e+01 
 6.568193e-01  3.648042e+00  9.797424e+00  1.820116e+01  2.666786e+01  3.328319e+01  3.750369e+01  3.996369e+01 
 6.425074e-01  3.549187e+00  9.464984e+00  1.744948e+01  2.537923e+01  3.146930e+01  3.527100e+01  3.744702e+01 
 6.277637e-01  3.449129e+00  9.134173e+00  1.671206e+01  2.412846e+01  2.972176e+01  3.313124e+01  3.504484e+01 
 6.125845e-01  3.347904e+00  8.805096e+00  1.598866e+01  2.291411e+01  2.803733e+01  3.107952e+01  3.275116e+01 
 5.969338e-01  3.245338e+00  8.477232e+00  1.527796e+01  2.173354e+01  2.641193e+01  2.911072e+01  3.056037e+01 
 5.808183e-01  3.141452e+00  8.150555e+00  1.457966e+01  2.058596e+01  2.484449e+01  2.722390e+01  2.847175e+01 
 5.643781e-01  3.037012e+00  7.826957e+00  1.389670e+01  1.947473e+01  2.333819e+01  2.542192e+01  2.648792e+01 
 5.475704e-01  2.931784e+00  7.505745e+00  1.322754e+01  1.839714e+01  2.188922e+01  2.370016e+01  2.460360e+01 
 5.303984e-01  2.825779e+00  7.186869e+00  1.257178e+01  1.735214e+01  2.049580e+01  2.205624e+01  2.281581e+01 
 5.128825e-01  2.719101e+00  6.870512e+00  1.192946e+01  1.633924e+01  1.915681e+01  2.048841e+01  2.112207e+01 
 4.950452e-01  2.611865e+00  6.556875e+00  1.130064e+01  1.535806e+01  1.787122e+01  1.899499e+01  1.951988e+01 
 4.769106e-01  2.504188e+00  6.246179e+00  1.068542e+01  1.440826e+01  1.663811e+01  1.757432e+01  1.800664e+01 
 4.586256e-01  2.396816e+00  5.940188e+00  1.008662e+01  1.349339e+01  1.546132e+01  1.623012e+01  1.658535e+01 
 4.399734e-01  2.288631e+00  5.636046e+00  9.498998e+00  1.260559e+01  1.433059e+01  1.495010e+01  1.524196e+01 
 4.210038e-01  2.179887e+00  5.334287e+00  8.923125e+00  1.174504e+01  1.324537e+01  1.373279e+01  1.397397e+01 
 4.019736e-01  2.071874e+00  5.038034e+00  8.364296e+00  1.091900e+01  1.221431e+01  1.258722e+01  1.278958e+01 
 7.097002e-01  4.031806e+00  1.114741e+01  2.136514e+01  3.223094e+01  4.123842e+01  4.738856e+01  5.117602e+01 
 6.973899e-01  3.939309e+00  1.081203e+01  2.056047e+01  3.079298e+01  3.916166e+01  4.479373e+01  4.822340e+01 
 6.846598e-01  3.845689e+00  1.047890e+01  1.977279e+01  2.939940e+01  3.716076e+01  4.230112e+01  4.539131e+01 
 6.714751e-01  3.750764e+00  1.014745e+01  1.900060e+01  2.804722e+01  3.523140e+01  3.990605e+01  4.267573e+01 
 6.578045e-01  3.654370e+00  9.817158e+00  1.824257e+01  2.673376e+01  3.336970e+01  3.760427e+01  4.007291e+01 
 6.437656e-01  3.557267e+00  9.490115e+00  1.750195e+01  2.546210e+01  3.157716e+01  3.539540e+01  3.758134e+01 
 6.292968e-01  3.458969e+00  9.164716e+00  1.677553e+01  2.422804e+01  2.985038e+01  3.327852e+01  3.520301e+01 
 6.144003e-01  3.359555e+00  8.841187e+00  1.606333e+01  2.303048e+01  2.818644e+01  3.124900e+01  3.293219e+01 
 5.990417e-01  3.258861e+00  8.519052e+00  1.536411e+01  2.186685e+01  2.658134e+01  2.930181e+01  3.076334e+01 
 5.832242e-01  3.156889e+00  8.198225e+00  1.467744e+01  2.073623e+01  2.503386e+01  2.743585e+01  2.869566e+01 
 5.670934e-01  3.054435e+00  7.880673e+00  1.400640e+01  1.964210e+01  2.354731e+01  2.565412e+01  2.673189e+01 
 5.506040e-01  2.951252e+00  7.565682e+00  1.334941e+01  1.858172e+01  2.211781e+01  2.395194e+01  2.486674e+01 
 5.337597e-01  2.847356e+00  7.253211e+00  1.270610e+01  1.755402e+01  2.074357e+01  2.232692e+01  2.309725e+01 
 5.165808e-01  2.742852e+00  6.943449e+00  1.207650e+01  1.655853e+01  1.942344e+01  2.077732e+01  2.142097e+01 
 4.990903e-01  2.637855e+00  6.636610e+00  1.146068e+01  1.559484e+01  1.815641e+01  1.930143e+01  1.983544e+01 
 4.813122e-01  2.532488e+00  6.332917e+00  1.085875e+01  1.466263e+01  1.694149e+01  1.789760e+01  1.833809e+01 
 4.633902e-01  2.427462e+00  6.034004e+00  1.027323e+01  1.376496e+01  1.578209e+01  1.656919e+01  1.693163e+01 
 4.451116e-01  2.321708e+00  5.737228e+00  9.699348e+00  1.289465e+01  1.466857e+01  1.530443e+01  1.560255e+01 
 4.265385e-01  2.215568e+00  5.443413e+00  9.138245e+00  1.205260e+01  1.360112e+01  1.410253e+01  1.434902e+01 
 4.079071e-01  2.110171e+00  5.155097e+00  8.593975e+00  1.124436e+01  1.258665e+01  1.297108e+01  1.317795e+01 
 7.097014e-01  4.031811e+00  1.114741e+01  2.136515e+01  3.223094e+01  4.123839e+01  4.738851e+01  5.117593e+01 
 6.980944e-01  3.943847e+00  1.082629e+01  2.059081e+01  3.084219e+01  3.922763e+01  4.487190e+01  4.830958e+01 
 6.860895e-01  3.854892e+00  1.050775e+01  1.983388e+01  2.949786e+01  3.729184e+01  4.245550e+01  4.556069e+01 
 6.736517e-01  3.764764e+00  1.019122e+01  1.909287e+01  2.819500e+01  3.542676e+01  4.013464e+01  4.292528e+01 
 6.607492e-01  3.673299e+00  9.876204e+00  1.836648e+01  2.693095e+01  3.362850e+01  3.790508e+01  4.039961e+01 
 6.475128e-01  3.581340e+00  9.565035e+00  1.765842e+01  2.570938e+01  3.189917e+01  3.576695e+01  3.798266e+01 
 6.338639e-01  3.488296e+00  9.255794e+00  1.696490e+01  2.452532e+01  3.023452e+01  3.371858e+01  3.567577e+01 
 6.198116e-01  3.394292e+00  8.948853e+00  1.628620e+01  2.337799e+01  2.863196e+01  3.175563e+01  3.347351e+01 
 6.053240e-01  3.299183e+00  8.643805e+00  1.562123e+01  2.226499e+01  2.708763e+01  2.987318e+01  3.137049e+01 
 5.904015e-01  3.202954e+00  8.340516e+00  1.496945e+01  2.118523e+01  2.560009e+01  2.806995e+01  2.936581e+01 
 5.751937e-01  3.106426e+00  8.041024e+00  1.433406e+01  2.014232e+01  2.417275e+01  2.634903e+01  2.746236e+01 
 5.596542e-01  3.009349e+00  7.744618e+00  1.371349e+01  1.913347e+01  2.280167e+01  2.470571e+01  2.565490e+01 
 5.437874e-01  2.911747e+00  7.451286e+00  1.310740e+01  1.815764e+01  2.148501e+01  2.313757e+01  2.394053e+01 
 5.276143e-01  2.813732e+00  7.161240e+00  1.251586e+01  1.721434e+01  2.022159e+01  2.164283e+01  2.231690e+01 
 5.111582e-01  2.715425e+00  6.874714e+00  1.193896e+01  1.630314e+01  1.901032e+01  2.021981e+01  2.078163e+01 
 4.944440e-01  2.616953e+00  6.591959e+00  1.137684e+01  1.542368e+01  1.785017e+01  1.886681e+01  1.933228e+01 
 4.776103e-01  2.518989e+00  6.314458e+00  1.083165e+01  1.457847e+01  1.674391e+01  1.758671e+01  1.797125e+01 
 4.604533e-01  2.420544e+00  6.039869e+00  1.029925e+01  1.376112e+01  1.568270e+01  1.636848e+01  1.668581e+01 
 4.430500e-01  2.322070e+00  5.769385e+00  9.781496e+00  1.297339e+01  1.466756e+01  1.521215e+01  1.547505e+01 
 4.256084e-01  2.224482e+00  5.504809e+00  9.280868e+00  1.221865e+01  1.370319e+01  1.412346e+01  1.434436e+01 
 7.097008e-01  4.031806e+00  1.114740e+01  2.136511e+01  3.223088e+01  4.123832e+01  4.738842e+01  5.117582e+01 
 6.992531e-01  3.951314e+00  1.084976e+01  2.064078e+01  3.092327e+01  3.933634e+01  4.500078e+01  4.845170e+01 
 6.884433e-01  3.870048e+00  1.055527e+01  1.993455e+01  2.966020e+01  3.750803e+01  4.271020e+01  4.584021e+01 
 6.772373e-01  3.787834e+00  1.026337e+01  1.924503e+01  2.843881e+01  3.574918e+01  4.051206e+01  4.333742e+01 
 6.656035e-01  3.704512e+00  9.973604e+00  1.857095e+01  2.725648e+01  3.405594e+01  3.840211e+01  4.093963e+01 
 6.536856e-01  3.621009e+00  9.688545e+00  1.791652e+01  2.611754e+01  3.243103e+01  3.638104e+01  3.864631e+01 
 6.413878e-01  3.536628e+00  9.405972e+00  1.727736e+01  2.501620e+01  3.086935e+01  3.444639e+01  3.645814e+01 
 6.287271e-01  3.451546e+00  9.126422e+00  1.665406e+01  2.395207e+01  2.936866e+01  3.259414e+01  3.437004e+01 
 6.156750e-01  3.365647e+00  8.849582e+00  1.604570e+01  2.292295e+01  2.792523e+01  3.081944e+01  3.237678e+01 
 6.022296e-01  3.278901e+00  8.575284e+00  1.545170e+01  2.192759e+01  2.653742e+01  2.912085e+01  3.047737e+01 
 5.885432e-01  3.192151e+00  8.305633e+00  1.487534e+01  2.096970e+01  2.520868e+01  2.750152e+01  2.867488e+01 
 5.745695e-01  3.105151e+00  8.039947e+00  1.431509e+01  2.004648e+01  2.393500e+01  2.595666e+01  2.696413e+01 
 5.603140e-01  3.017938e+00  7.778256e+00  1.377070e+01  1.915690e+01  2.271448e+01  2.448383e+01  2.534235e+01 
 5.457990e-01  2.930633e+00  7.520814e+00  1.324226e+01  1.830045e+01  2.154585e+01  2.308123e+01  2.380731e+01 
 5.310484e-01  2.843368e+00  7.267895e+00  1.272994e+01  1.747668e+01  2.042792e+01  2.174710e+01  2.235677e+01 
 5.160882e-01  2.756282e+00  7.019787e+00  1.223390e+01  1.668518e+01  1.935955e+01  2.047974e+01  2.098846e+01 
 5.010506e-01  2.670000e+00  6.777815e+00  1.175591e+01  1.592779e+01  1.834279e+01  1.928145e+01  1.970450e+01 
 4.857452e-01  2.583642e+00  6.540015e+00  1.129256e+01  1.519903e+01  1.736964e+01  1.814203e+01  1.849310e+01 
 4.702663e-01  2.497791e+00  6.308031e+00  1.084657e+01  1.450170e+01  1.644213e+01  1.706253e+01  1.735451e+01 
 4.547866e-01  2.413104e+00  6.082787e+00  1.041855e+01  1.383650e+01  1.556225e+01  1.604642e+01  1.629238e+01 
 7.096984e-01  4.031792e+00  1.114736e+01  2.136504e+01  3.223078e+01  4.123821e+01  4.738831e+01  5.117569e+01 
 7.008459e-01  3.961582e+00  1.088205e+01  2.070953e+01  3.103486e+01  3.948602e+01  4.517828e+01  4.864748e+01 
 6.916811e-01  3.890902e+00  1.062068e+01  2.007317e+01  2.988381e+01  3.780594e+01  4.306131e+01  4.622567e+01 
 6.821710e-01  3.819587e+00  1.036273e+01  1.945466e+01  2.877485e+01  3.619384e+01  4.103285e+01  4.390641e+01 
 6.722848e-01  3.747487e+00  1.010777e+01  1.885279e+01  2.770548e+01  3.464593e+01  3.908867e+01  4.168600e+01 
 6.621793e-01  3.675616e+00  9.858664e+00  1.827229e+01  2.668068e+01  3.316558e+01  3.722998e+01  3.956442e+01 
 6.517412e-01  3.603168e+00  9.612873e+00  1.770823e+01  2.569387e+01  3.174680e+01  3.545353e+01  3.754171e+01 
 6.409962e-01  3.530382e+00  9.371125e+00  1.716155e+01  2.474508e+01  3.038773e+01  3.375559e+01  3.561309e+01 
 6.299203e-01  3.457174e+00  9.133221e+00  1.663153e+01  2.383235e+01  2.908480e+01  3.213144e+01  3.377353e+01 
 6.185095e-01  3.383506e+00  8.898975e+00  1.611753e+01  2.295429e+01  2.783613e+01  3.057941e+01  3.202196e+01 
 6.069180e-01  3.310236e+00  8.670557e+00  1.562298e+01  2.211467e+01  2.664518e+01  2.910267e+01  3.036160e+01 
 5.951000e-01  3.237132e+00  8.447334e+00  1.514640e+01  2.131073e+01  2.550786e+01  2.769637e+01  2.878738e+01 
 5.830634e-01  3.164247e+00  8.229401e+00  1.468764e+01  2.054144e+01  2.442218e+01  2.635799e+01  2.729662e+01 
 5.708316e-01  3.091718e+00  8.017070e+00  1.424688e+01  1.980627e+01  2.338676e+01  2.508566e+01  2.588727e+01 
 5.584299e-01  3.019691e+00  7.810667e+00  1.382433e+01  1.910475e+01  2.240027e+01  2.387757e+01  2.455725e+01 
 5.458854e-01  2.948318e+00  7.610540e+00  1.342023e+01  1.843639e+01  2.146141e+01  2.273194e+01  2.330450e+01 
 5.333227e-01  2.878177e+00  7.417840e+00  1.303591e+01  1.780230e+01  2.057137e+01  2.165043e+01  2.213085e+01 
 5.205690e-01  2.808517e+00  7.231065e+00  1.266886e+01  1.719800e+01  1.972309e+01  2.062374e+01  2.102557e+01 
 5.077385e-01  2.740076e+00  7.052377e+00  1.232275e+01  1.662747e+01  1.891970e+01  1.965403e+01  1.999029e+01 
 4.949614e-01  2.673210e+00  6.881696e+00  1.199607e+01  1.608830e+01  1.816003e+01  1.874224e+01  1.902672e+01 
 7.096942e-01  4.031768e+00  1.114729e+01  2.136492e+01  3.223063e+01  4.123806e+01  4.738816e+01  5.117554e+01 
 7.028459e-01  3.974477e+00  1.092261e+01  2.079592e+01  3.117512e+01  3.967421e+01  4.540151e+01  4.889376e+01 
 6.957477e-01  3.917100e+00  1.070287e+01  2.024746e+01  3.016507e+01  3.818087e+01  4.350343e+01  4.671125e+01 
 6.883687e-01  3.859489e+00  1.048764e+01  1.971835e+01  2.919788e+01  3.675403e+01  4.168944e+01  4.462419e+01 
 6.806798e-01  3.801506e+00  1.027653e+01  1.920754e+01  2.827117e+01  3.538999e+01  3.995534e+01  4.262893e+01 
 6.728500e-01  3.744252e+00  1.007265e+01  1.872026e+01  2.739058e+01  3.409277e+01  3.830288e+01  4.072588e+01 
 6.647489e-01  3.686817e+00  9.873210e+00  1.825104e+01  2.654880e+01  3.285550e+01  3.672799e+01  3.891443e+01 
 6.564115e-01  3.629503e+00  9.679124e+00  1.780120e+01  2.574630e+01  3.167671e+01  3.522722e+01  3.719014e+01 
 6.478196e-01  3.572270e+00  9.490336e+00  1.737030e+01  2.498139e+01  3.055301e+01  3.379596e+01  3.554811e+01 
 6.389672e-01  3.515071e+00  9.306656e+00  1.695767e+01  2.425257e+01  2.948228e+01  3.243230e+01  3.398718e+01 
 6.300091e-01  3.458780e+00  9.130314e+00  1.656682e+01  2.356366e+01  2.846792e+01  3.113935e+01  3.251072e+01 
 6.209016e-01  3.403180e+00  8.960751e+00  1.619644e+01  2.291194e+01  2.750577e+01  2.991218e+01  3.111370e+01 
 6.116549e-01  3.348351e+00  8.798148e+00  1.584647e+01  2.229641e+01  2.659373e+01  2.874818e+01  2.979359e+01 
 6.022942e-01  3.294446e+00  8.642888e+00  1.551720e+01  2.171654e+01  2.573026e+01  2.764535e+01  2.854845e+01 
 5.928464e-01  3.241631e+00  8.495370e+00  1.520893e+01  2.117180e+01  2.491385e+01  2.660177e+01  2.737639e+01 
 5.833400e-01  3.190076e+00  8.356016e+00  1.492200e+01  2.066164e+01  2.414301e+01  2.561556e+01  2.627555e+01 
 5.738909e-01  3.140303e+00  8.225802e+00  1.465728e+01  2.018635e+01  2.341795e+01  2.468764e+01  2.524749e+01 
 5.643481e-01  3.091722e+00  8.103754e+00  1.441323e+01  1.974257e+01  2.273261e+01  2.380964e+01  2.428259e+01 
 5.548473e-01  3.045239e+00  7.992622e+00  1.419465e+01  1.933552e+01  2.209128e+01  2.298494e+01  2.338397e+01 
 5.454703e-01  3.000873e+00  7.891212e+00  1.399764e+01  1.895940e+01  2.148926e+01  2.221159e+01  2.255127e+01 
 7.096884e-01  4.031735e+00  1.114721e+01  2.136477e+01  3.223044e+01  4.123786e+01  4.738798e+01  5.117538e+01 
 7.052187e-01  3.989779e+00  1.097076e+01  2.089848e+01  3.134171e+01  3.989779e+01  4.566681e+01  4.918654e+01 
 7.005737e-01  3.948199e+00  1.080049e+01  2.045452e+01  3.049944e+01  3.862686e+01  4.402967e+01  4.728950e+01 
 6.957249e-01  3.906867e+00  1.063604e+01  2.003186e+01  2.970124e+01  3.742121e+01  4.247215e+01  4.548045e+01 
 6.906455e-01  3.865665e+00  1.047710e+01  1.962959e+01  2.894491e+01  3.627727e+01  4.099007e+01  4.375574e+01 
 6.855165e-01  3.825774e+00  1.032705e+01  1.925346e+01  2.823677e+01  3.519968e+01  3.958570e+01  4.211617e+01 
 6.801904e-01  3.786189e+00  1.018282e+01  1.889752e+01  2.756880e+01  3.418076e+01  3.825414e+01  4.056049e+01 
 6.747125e-01  3.747279e+00  1.004556e+01  1.856351e+01  2.694194e+01  3.321940e+01  3.699221e+01  3.908451e+01 
 6.690708e-01  3.709050e+00  9.915364e+00  1.825128e+01  2.635484e+01  3.231242e+01  3.579541e+01  3.768345e+01 
 6.632580e-01  3.671457e+00  9.792056e+00  1.796017e+01  2.580587e+01  3.145744e+01  3.466151e+01  3.635601e+01 
 6.574284e-01  3.635378e+00  9.677927e+00  1.769382e+01  2.529894e+01  3.065779e+01  3.359356e+01  3.510564e+01 
 6.515410e-01  3.600627e+00  9.572514e+00  1.745105e+01  2.483136e+01  2.990920e+01  3.258645e+01  3.392734e+01 
 6.456093e-01  3.567308e+00  9.476103e+00  1.723197e+01  2.440221e+01  2.920946e+01  3.163745e+01  3.281865e+01 
 6.396604e-01  3.535600e+00  9.389166e+00  1.703701e+01  2.401094e+01  2.855684e+01  3.074440e+01  3.177775e+01 
 6.337230e-01  3.505688e+00  9.312192e+00  1.686658e+01  2.365697e+01  2.794961e+01  2.990520e+01  3.080287e+01 
 6.278278e-01  3.477767e+00  9.245693e+00  1.672112e+01  2.333970e+01  2.738601e+01  2.911779e+01  2.989233e+01 
 6.220805e-01  3.452300e+00  9.190471e+00  1.660108e+01  2.305854e+01  2.686522e+01  2.838228e+01  2.904738e+01 
 6.163556e-01  3.428880e+00  9.146148e+00  1.650598e+01  2.281133e+01  2.638216e+01  2.769122e+01  2.825954e+01 
 6.108120e-01  3.408595e+00  9.116118e+00  1.644184e+01  2.260464e+01  2.594235e+01  2.704923e+01  2.753345e+01 
 6.054781e-01  3.391098e+00  9.097982e+00  1.640219e+01  2.242892e+01  2.553724e+01  2.645123e+01  2.686661e+01 
 7.096811e-01  4.031693e+00  1.114710e+01  2.136458e+01  3.223020e+01  4.123761e+01  4.738776e+01  5.117518e+01 
 7.079238e-01  4.007228e+00  1.102567e+01  2.101550e+01  3.153184e+01  4.015307e+01  4.596982e+01  4.952105e+01 
 7.060768e-01  3.983672e+00  1.091188e+01  2.069095e+01  3.088147e+01  3.913678e+01  4.463176e+01  4.795148e+01 
 7.041144e-01  3.960923e+00  1.080546e+01  2.039008e+01  3.027695e+01  3.818510e+01  4.336923e+01  4.646267e+01 
 7.020127e-01  3.938886e+00  1.070619e+01  2.011218e+01  2.971631e+01  3.729460e+01  4.217811e+01  4.505092e+01 
 6.999636e-01  3.918821e+00  1.061772e+01  1.986353e+01  2.920656e+01  3.647058e+01  4.106114e+01  4.371736e+01 
 6.978040e-01  3.899633e+00  1.053673e+01  1.963774e+01  2.873902e+01  3.570452e+01  4.001256e+01  4.246005e+01 
 6.955892e-01  3.881762e+00  1.046461e+01  1.943699e+01  2.831516e+01  3.499573e+01  3.902947e+01  4.127500e+01 
 6.933145e-01  3.865267e+00  1.040162e+01  1.926145e+01  2.793395e+01  3.434123e+01  3.810743e+01  4.015752e+01 
 6.909719e-01  3.850105e+00  1.034763e+01  1.911055e+01  2.759375e+01  3.373841e+01  3.724389e+01  3.910608e+01 
 6.887136e-01  3.837160e+00  1.030499e+01  1.898801e+01  2.729847e+01  3.319047e+01  3.644170e+01  3.812411e+01 
 6.812015e-01  3.795004e+00  1.018896e+01  1.874770e+01  2.686502e+01  3.251469e+01  3.553705e+01  3.704931e+01 
 6.843564e-01  3.817598e+00  1.025311e+01  1.882542e+01  2.683413e+01  3.224377e+01  3.500267e+01  3.635105e+01 
 6.823037e-01  3.811322e+00  1.024487e+01  1.878626e+01  2.666367e+01  3.184070e+01  3.436049e+01  3.555573e+01 
 6.803758e-01  3.807663e+00  1.024921e+01  1.877596e+01  2.653357e+01  3.148184e+01  3.376671e+01  3.481889e+01 
 6.786053e-01  3.806843e+00  1.026676e+01  1.879509e+01  2.644314e+01  3.116515e+01  3.321905e+01  3.413898e+01 
 6.770876e-01  3.809266e+00  1.029815e+01  1.884364e+01  2.639092e+01  3.088867e+01  3.271668e+01  3.351688e+01 
 6.757254e-01  3.814725e+00  1.034365e+01  1.892234e+01  2.637599e+01  3.064834e+01  3.225304e+01  3.294519e+01 
 6.747024e-01  3.824505e+00  1.040736e+01  1.903850e+01  2.640635e+01  3.045088e+01  3.183396e+01  3.243007e+01 
 6.739890e-01  3.837867e+00  1.048560e+01  1.918294e+01  2.646850e+01  3.028361e+01  3.145101e+01  3.196675e+01 
 7.096722e-01  4.031644e+00  1.114697e+01  2.136436e+01  3.222991e+01  4.123732e+01  4.738749e+01  5.117495e+01 
 7.109151e-01  4.026525e+00  1.108642e+01  2.114500e+01  3.174232e+01  4.043578e+01  4.630555e+01  4.989179e+01 
 7.121630e-01  4.022917e+00  1.103518e+01  2.095280e+01  3.130489e+01  3.970240e+01  4.530014e+01  4.868681e+01 
 7.133941e-01  4.020743e+00  1.099309e+01  2.078714e+01  3.091579e+01  3.903376e+01  4.436704e+01  4.755617e+01 
 7.145877e-01  4.019938e+00  1.096003e+01  2.064754e+01  3.057331e+01  3.842663e+01  4.350214e+01  4.649609e+01 
 7.159459e-01  4.021835e+00  1.093991e+01  2.054079e+01  3.028517e+01  3.788694e+01  4.270864e+01  4.550795e+01 
 7.172907e-01  4.025258e+00  1.092920e+01  2.046014e+01  3.004209e+01  3.740540e+01  4.197995e+01  4.458907e+01 
 7.186878e-01  4.030719e+00  1.092953e+01  2.040823e+01  2.984609e+01  3.698173e+01  4.131337e+01  4.373559e+01 
 7.201405e-01  4.038338e+00  1.094137e+01  2.038561e+01  2.969655e+01  3.661320e+01  4.070453e+01  4.294281e+01 
 7.216403e-01  4.048077e+00  1.096464e+01  2.039179e+01  2.959181e+01  3.629695e+01  4.015051e+01  4.220893e+01 
 7.233368e-01  4.060823e+00  1.100173e+01  2.043061e+01  2.953581e+01  3.603603e+01  3.965392e+01  4.153723e+01 
 7.251976e-01  4.076459e+00  1.105244e+01  2.050136e+01  2.952615e+01  3.582597e+01  3.920925e+01  4.092253e+01 
 7.272438e-01  4.095162e+00  1.111732e+01  2.060459e+01  2.956206e+01  3.566426e+01  3.881330e+01  4.036235e+01 
 7.295073e-01  4.117165e+00  1.119709e+01  2.074106e+01  2.964304e+01  3.554872e+01  3.846339e+01  3.985478e+01 
 7.320215e-01  4.142710e+00  1.129246e+01  2.091154e+01  2.976847e+01  3.547704e+01  3.815681e+01  3.939807e+01 
 7.348217e-01  4.172051e+00  1.140418e+01  2.111677e+01  2.993761e+01  3.544686e+01  3.789094e+01  3.899068e+01 
 7.379917e-01  4.205531e+00  1.153271e+01  2.135632e+01  3.014810e+01  3.545502e+01  3.766395e+01  3.863302e+01 
 7.414657e-01  4.243161e+00  1.167905e+01  2.163218e+01  3.040033e+01  3.549844e+01  3.747008e+01  3.831868e+01 
 7.454528e-01  4.286433e+00  1.184802e+01  2.195302e+01  3.070377e+01  3.558506e+01  3.731627e+01  3.805523e+01 
 7.498619e-01  4.334197e+00  1.203461e+01  2.230689e+01  3.104081e+01  3.569785e+01  3.719059e+01  3.783557e+01 
 7.096621e-01  4.031587e+00  1.114682e+01  2.136410e+01  3.222958e+01  4.123697e+01  4.738718e+01  5.117468e+01 
 7.141413e-01  4.047343e+00  1.115197e+01  2.128479e+01  3.196961e+01  4.074121e+01  4.666840e+01  5.029263e+01 
 7.187285e-01  4.065267e+00  1.116829e+01  2.123570e+01  3.176272e+01  4.031450e+01  4.602406e+01  4.948380e+01 
 7.234057e-01  4.085314e+00  1.119576e+01  2.121650e+01  3.160741e+01  3.995374e+01  4.545005e+01  4.874425e+01 
 7.281563e-01  4.107452e+00  1.123438e+01  2.122695e+01  3.150232e+01  3.965590e+01  4.494232e+01  4.807011e+01 
 7.331914e-01  4.133084e+00  1.128829e+01  2.127438e+01  3.145583e+01  3.942756e+01  4.450448e+01  4.746291e+01 
 7.383191e-01  4.160959e+00  1.135381e+01  2.135171e+01  3.145818e+01  3.925870e+01  4.412906e+01  4.691917e+01 
 7.436160e-01  4.191667e+00  1.143279e+01  2.146208e+01  3.151197e+01  3.914948e+01  4.381361e+01  4.643507e+01 
 7.490937e-01  4.225387e+00  1.152594e+01  2.160645e+01  3.161703e+01  3.909745e+01  4.355379e+01  4.600586e+01 
 7.491792e-01  4.229106e+00  1.154395e+01  2.163138e+01  3.158379e+01  3.891783e+01  4.318682e+01  4.546505e+01 
 7.607121e-01  4.302679e+00  1.175713e+01  2.200012e+01  3.198004e+01  3.915855e+01  4.319332e+01  4.530850e+01 
 7.623124e-01  4.319674e+00  1.182418e+01  2.212800e+01  3.208653e+01  3.911993e+01  4.295118e+01  4.488242e+01 
 7.735478e-01  4.395462e+00  1.205532e+01  2.254380e+01  3.255027e+01  3.943115e+01  4.303023e+01  4.481491e+01 
 7.804756e-01  4.448149e+00  1.223119e+01  2.287368e+01  3.291112e+01  3.963963e+01  4.301350e+01  4.463737e+01 
 7.877909e-01  4.505397e+00  1.242603e+01  2.324355e+01  3.332170e+01  3.989278e+01  4.303582e+01  4.450336e+01 
 7.955318e-01  4.567495e+00  1.264077e+01  2.365438e+01  3.378125e+01  4.018786e+01  4.309416e+01  4.441119e+01 
 8.037701e-01  4.634725e+00  1.287570e+01  2.410535e+01  3.428653e+01  4.052049e+01  4.318554e+01  4.436071e+01 
 8.124740e-01  4.707332e+00  1.313257e+01  2.459977e+01  3.483927e+01  4.088854e+01  4.330494e+01  4.434636e+01 
 8.218781e-01  4.787021e+00  1.341697e+01  2.514776e+01  3.545043e+01  4.130108e+01  4.346025e+01  4.437688e+01 
 8.318279e-01  4.872217e+00  1.372255e+01  2.573450e+01  3.609822e+01  4.173665e+01  4.363589e+01  4.444281e+01 
 7.096508e-01  4.031524e+00  1.114665e+01  2.136381e+01  3.222920e+01  4.123657e+01  4.738680e+01  5.117434e+01 
 7.175474e-01  4.069325e+00  1.122120e+01  2.143249e+01  3.220987e+01  4.106422e+01  4.705231e+01  5.071688e+01 
 7.256611e-01  4.110000e+00  1.130898e+01  2.153490e+01  3.224733e+01  4.096302e+01  4.679173e+01  5.032955e+01 
 7.339785e-01  4.153540e+00  1.141009e+01  2.167102e+01  3.234049e+01  4.093020e+01  4.660111e+01  5.000832e+01 
 7.424871e-01  4.199949e+00  1.152467e+01  2.184090e+01  3.248835e+01  4.096304e+01  4.647646e+01  4.974915e+01 
 7.514062e-01  4.250691e+00  1.165710e+01  2.205235e+01  3.269999e+01  4.106871e+01  4.642179e+01  4.955370e+01 
 7.605314e-01  4.304455e+00  1.180355e+01  2.229810e+01  3.296523e+01  4.123656e+01  4.642877e+01  4.941755e+01 
 7.699500e-01  4.361906e+00  1.196614e+01  2.258177e+01  3.328729e+01  4.146722e+01  4.649515e+01  4.933691e+01 
 7.796824e-01  4.423289e+00  1.214580e+01  2.290479e+01  3.366651e+01  4.175851e+01  4.661664e+01  4.930687e+01 
 7.897207e-01  4.488600e+00  1.234262e+01  2.326698e+01  3.410134e+01  4.210719e+01  4.678947e+01  4.932475e+01 
 8.002058e-01  4.558710e+00  1.255906e+01  2.367243e+01  3.459578e+01  4.251589e+01  4.701545e+01  4.939302e+01 
 8.111171e-01  4.633603e+00  1.279531e+01  2.412108e+01  3.514789e+01  4.297997e+01  4.728848e+01  4.950597e+01 
 8.224848e-01  4.713541e+00  1.305224e+01  2.461404e+01  3.575725e+01  4.349664e+01  4.760470e+01  4.966055e+01 
 8.343467e-01  4.798829e+00  1.333088e+01  2.515261e+01  3.642351e+01  4.406320e+01  4.796052e+01  4.985429e+01 
 8.467418e-01  4.889778e+00  1.363223e+01  2.573802e+01  3.714608e+01  4.467667e+01  4.835233e+01  5.008492e+01 
 8.597110e-01  4.986713e+00  1.395736e+01  2.637147e+01  3.792420e+01  4.533391e+01  4.877652e+01  5.035043e+01 
 8.733141e-01  5.089859e+00  1.430646e+01  2.705181e+01  3.875383e+01  4.602933e+01  4.922895e+01  5.064994e+01 
 8.875544e-01  5.199706e+00  1.468203e+01  2.778373e+01  3.963803e+01  4.676166e+01  4.970516e+01  5.097856e+01 
 9.026927e-01  5.318172e+00  1.509048e+01  2.857880e+01  4.058927e+01  4.754101e+01  5.021379e+01  5.134594e+01 
 9.185094e-01  5.443258e+00  1.552408e+01  2.941941e+01  4.158159e+01  4.834149e+01  5.073558e+01  5.174018e+01 
 7.096386e-01  4.031455e+00  1.114647e+01  2.136349e+01  3.222878e+01  4.123610e+01  4.738635e+01  5.117393e+01 
 7.210750e-01  4.092097e+00  1.129295e+01  2.158559e+01  3.245903e+01  4.139935e+01  4.745081e+01  5.115743e+01 
 7.328423e-01  4.156355e+00  1.145486e+01  2.184535e+01  3.275060e+01  4.163715e+01  4.759047e+01  5.121019e+01 
 7.449317e-01  4.224262e+00  1.163245e+01  2.214308e+01  3.310287e+01  4.194716e+01  4.780157e+01  5.132810e+01 
 7.573357e-01  4.295859e+00  1.182601e+01  2.247916e+01  3.351526e+01  4.232698e+01  4.808024e+01  5.150694e+01 
 7.702796e-01  4.372665e+00  1.204014e+01  2.286188e+01  3.399750e+01  4.278440e+01  4.843085e+01  5.174844e+01 
 7.835490e-01  4.453321e+00  1.227092e+01  2.328382e+01  3.453914e+01  4.330819e+01  4.884419e+01  5.204712e+01 
 7.972412e-01  4.538566e+00  1.252072e+01  2.374912e+01  3.514402e+01  4.389948e+01  4.931827e+01  5.239918e+01 
 8.113857e-01  4.628714e+00  1.279072e+01  2.425972e+01  3.581305e+01  4.455645e+01  4.984882e+01  5.279951e+01 
 8.259759e-01  4.723781e+00  1.308110e+01  2.481563e+01  3.654482e+01  4.527571e+01  5.043161e+01  5.324482e+01 
 8.411465e-01  4.824629e+00  1.339440e+01  2.542111e+01  3.734339e+01  4.605963e+01  5.106793e+01  5.373690e+01 
 8.568842e-01  4.931299e+00  1.373099e+01  2.607645e+01  3.820711e+01  4.690357e+01  5.175134e+01  5.426959e+01 
 8.732240e-01  5.044099e+00  1.409195e+01  2.678315e+01  3.913582e+01  4.780459e+01  5.247755e+01  5.483939e+01 
 8.902070e-01  5.163374e+00  1.447847e+01  2.754281e+01  4.012930e+01  4.875974e+01  5.324244e+01  5.544327e+01 
 9.078751e-01  5.289475e+00  1.489174e+01  2.835694e+01  4.118705e+01  4.976571e+01  5.404177e+01  5.607844e+01 
 9.262724e-01  5.422767e+00  1.533300e+01  2.922706e+01  4.230835e+01  5.081892e+01  5.487132e+01  5.674238e+01 
 9.454464e-01  5.563421e+00  1.580232e+01  3.015172e+01  4.348841e+01  5.191261e+01  5.572568e+01  5.743332e+01 
 9.654372e-01  5.712175e+00  1.630304e+01  3.113701e+01  4.473164e+01  5.304632e+01  5.660080e+01  5.814681e+01 
 9.865308e-01  5.871166e+00  1.684232e+01  3.219601e+01  4.605196e+01  5.423102e+01  5.750583e+01  5.889305e+01 
 1.008442e+00  6.037967e+00  1.741115e+01  3.330836e+01  4.741937e+01  5.543648e+01  5.841785e+01  5.965767e+01 
 7.096256e-01  4.031382e+00  1.114628e+01  2.136315e+01  3.222831e+01  4.123558e+01  4.738583e+01  5.117343e+01 
 7.246638e-01  4.115268e+00  1.136597e+01  2.174149e+01  3.271285e+01  4.174090e+01  4.785713e+01  5.160680e+01 
 7.401493e-01  4.203541e+00  1.160343e+01  2.216179e+01  3.326404e+01  4.232556e+01  4.840690e+01  5.211102e+01 
 7.560782e-01  4.296273e+00  1.185905e+01  2.262472e+01  3.388176e+01  4.298766e+01  4.903158e+01  5.268188e+01 
 7.724482e-01  4.393548e+00  1.213330e+01  2.313102e+01  3.456594e+01  4.372522e+01  4.972747e+01  5.331500e+01 
 7.894895e-01  4.496931e+00  1.243096e+01  2.368942e+01  3.532691e+01  4.454661e+01  5.049929e+01  5.401215e+01 
 8.069790e-01  4.605029e+00  1.274806e+01  2.429247e+01  3.615407e+01  4.544012e+01  5.133697e+01  5.476668e+01 
 8.250239e-01  4.718651e+00  1.308723e+01  2.494481e+01  3.705193e+01  4.640743e+01  5.223879e+01  5.557473e+01 
 8.436630e-01  4.838182e+00  1.344990e+01  2.564890e+01  3.802198e+01  4.744712e+01  5.320054e+01  5.643099e+01 
 8.628911e-01  4.963665e+00  1.383638e+01  2.640506e+01  3.906304e+01  4.855569e+01  5.421752e+01  5.733142e+01 
 8.828365e-01  5.095946e+00  1.424925e+01  2.721763e+01  4.017924e+01  4.973526e+01  5.529041e+01  5.827697e+01 
 9.034933e-01  5.235127e+00  1.468910e+01  2.808737e+01  4.136928e+01  5.098121e+01  5.641243e+01  5.926093e+01 
 9.249015e-01  5.381568e+00  1.515724e+01  2.901617e+01  4.263331e+01  5.229052e+01  5.757880e+01  6.027917e+01 
 9.471056e-01  5.535655e+00  1.565503e+01  3.000596e+01  4.397130e+01  5.365998e+01  5.878483e+01  6.132798e+01 
 9.701506e-01  5.697779e+00  1.618385e+01  3.105861e+01  4.538288e+01  5.508594e+01  6.002560e+01  6.240383e+01 
 9.940840e-01  5.868348e+00  1.674514e+01  3.217594e+01  4.686739e+01  5.656443e+01  6.129614e+01  6.350350e+01 
 1.018941e+00  6.047484e+00  1.733888e+01  3.335633e+01  4.841944e+01  5.808755e+01  6.258976e+01  6.462413e+01 
 1.044799e+00  6.236177e+00  1.796922e+01  3.460726e+01  5.004474e+01  5.965555e+01  6.390267e+01  6.576151e+01 
 1.071968e+00  6.436773e+00  1.864411e+01  3.594328e+01  5.175859e+01  6.128012e+01  6.524419e+01  6.692592e+01 
 1.100101e+00  6.646436e+00  1.935328e+01  3.734144e+01  5.352720e+01  6.292691e+01  6.658785e+01  6.810051e+01 
 7.096120e-01  4.031306e+00  1.114607e+01  2.136278e+01  3.222781e+01  4.123500e+01  4.738522e+01  5.117283e+01 
 7.282525e-01  4.138443e+00  1.143903e+01  2.189751e+01  3.296699e+01  4.208305e+01  4.826435e+01  5.205733e+01 
 7.474571e-01  4.250750e+00  1.175216e+01  2.247881e+01  3.377888e+01  4.301653e+01  4.922714e+01  5.301675e+01 
 7.672275e-01  4.368343e+00  1.208604e+01  2.310773e+01  3.466392e+01  4.403408e+01  5.027034e+01  5.404682e+01 
 7.875663e-01  4.491349e+00  1.244130e+01  2.378538e+01  3.562257e+01  4.513417e+01  5.139044e+01  5.514303e+01 
 8.087072e-01  4.621369e+00  1.282289e+01  2.452093e+01  3.666574e+01  4.632572e+01  5.259254e+01  5.630718e+01 
 8.304208e-01  4.756990e+00  1.322684e+01  2.530694e+01  3.778281e+01  4.759669e+01  5.386571e+01  5.753132e+01 
 8.528232e-01  4.899089e+00  1.365603e+01  2.614861e+01  3.897896e+01  4.894932e+01  5.520854e+01  5.881158e+01 
 8.759625e-01  5.048123e+00  1.411214e+01  2.704892e+01  4.025633e+01  5.038264e+01  5.661691e+01  6.014239e+01 
 8.961229e-01  5.182334e+00  1.453734e+01  2.791059e+01  4.149729e+01  5.178282e+01  5.798374e+01  6.139010e+01 
 9.245635e-01  5.368039e+00  1.510912e+01  2.903182e+01  4.305623e+01  5.348262e+01  5.961486e+01  6.294098e+01 
 9.501480e-01  5.539917e+00  1.565345e+01  3.012013e+01  4.458210e+01  5.514658e+01  6.119729e+01  6.440136e+01 
 9.766345e-01  5.720207e+00  1.623012e+01  3.127576e+01  4.619212e+01  5.688194e+01  6.282775e+01  6.589513e+01 
 1.004071e+00  5.909340e+00  1.684071e+01  3.250100e+01  4.788651e+01  5.868529e+01  6.450088e+01  6.741772e+01 
 1.032505e+00  6.107749e+00  1.748680e+01  3.379809e+01  4.966508e+01  6.055266e+01  6.621104e+01  6.896471e+01 
 1.061988e+00  6.315887e+00  1.817002e+01  3.516922e+01  5.152731e+01  6.247967e+01  6.795245e+01  7.053197e+01 
 1.092543e+00  6.533831e+00  1.889032e+01  3.661266e+01  5.346728e+01  6.445742e+01  6.971712e+01  7.211533e+01 
 1.124285e+00  6.762820e+00  1.965262e+01  3.813726e+01  5.549199e+01  6.648675e+01  7.150134e+01  7.371062e+01 
 1.157548e+00  7.005403e+00  2.046567e+01  3.975899e+01  5.761800e+01  6.857984e+01  7.331429e+01  7.532770e+01 
 1.191920e+00  7.258352e+00  2.131799e+01  4.145256e+01  5.980807e+01  7.069858e+01  7.512615e+01  7.694725e+01 
 7.095982e-01  4.031228e+00  1.114586e+01  2.136240e+01  3.222726e+01  4.123436e+01  4.738453e+01  5.117214e+01 
 7.317796e-01  4.161225e+00  1.151086e+01  2.205099e+01  3.321708e+01  4.241990e+01  4.866546e+01  5.250126e+01 
 7.546407e-01  4.297174e+00  1.189850e+01  2.279097e+01  3.428628e+01  4.369817e+01  5.003707e+01  5.391174e+01 
 7.781885e-01  4.439237e+00  1.230952e+01  2.358380e+01  3.543589e+01  4.506836e+01  5.149646e+01  5.539932e+01 
 8.024312e-01  4.587585e+00  1.274473e+01  2.443100e+01  3.666695e+01  4.652947e+01  5.304040e+01  5.695936e+01 
 8.276038e-01  4.743843e+00  1.320921e+01  2.534208e+01  3.799089e+01  4.809096e+01  5.467434e+01  5.859376e+01 
 8.534729e-01  4.906597e+00  1.369904e+01  2.630976e+01  3.939721e+01  4.974054e+01  5.638655e+01  6.029309e+01 
 8.801630e-01  5.076785e+00  1.421734e+01  2.733975e+01  4.089179e+01  5.148108e+01  5.817598e+01  6.205355e+01 
 9.038065e-01  5.231813e+00  1.470428e+01  2.833228e+01  4.235584e+01  5.320034e+01  5.993941e+01  6.374583e+01 
 9.329488e-01  5.422202e+00  1.529533e+01  2.951377e+01  4.405335e+01  5.513559e+01  6.188025e+01  6.561787e+01 
 9.628456e-01  5.620050e+00  1.591628e+01  3.076074e+01  4.583958e+01  5.715578e+01  6.388732e+01  6.753813e+01 
 9.933559e-01  5.824725e+00  1.656582e+01  3.207021e+01  4.770686e+01  5.924644e+01  6.594008e+01  6.948146e+01 
 1.027536e+00  6.054194e+00  1.729207e+01  3.352278e+01  4.975048e+01  6.149921e+01  6.813365e+01  7.159054e+01 
 1.060126e+00  6.278003e+00  1.801504e+01  3.498468e+01  5.180697e+01  6.374857e+01  7.029197e+01  7.360792e+01 
 1.093869e+00  6.512332e+00  1.877807e+01  3.652788e+01  5.395932e+01  6.607120e+01  7.249164e+01  7.564876e+01 
 1.128820e+00  6.757682e+00  1.958301e+01  3.815496e+01  5.620719e+01  6.846235e+01  7.472604e+01  7.770785e+01 
 1.164991e+00  7.014087e+00  2.042979e+01  3.986417e+01  5.854434e+01  7.091225e+01  7.698586e+01  7.977956e+01 
 1.202533e+00  7.283033e+00  2.132411e+01  4.166572e+01  6.097892e+01  7.342222e+01  7.926735e+01  8.185952e+01 
 1.241801e+00  7.567260e+00  2.227544e+01  4.357689e+01  6.352862e+01  7.600469e+01  8.157916e+01  8.395663e+01 
 1.282325e+00  7.863171e+00  2.327124e+01  4.557032e+01  6.615320e+01  7.861823e+01  8.388845e+01  8.604919e+01 
 7.095842e-01  4.031149e+00  1.114565e+01  2.136200e+01  3.222669e+01  4.123366e+01  4.738377e+01  5.117134e+01 
 7.351847e-01  4.183223e+00  1.158025e+01  2.219928e+01  3.345882e+01  4.274566e+01  4.905351e+01  5.293089e+01 
 7.615770e-01  4.342017e+00  1.203994e+01  2.309289e+01  3.477745e+01  4.435862e+01  5.082252e+01  5.478032e+01 
 7.887736e-01  4.507737e+00  1.252564e+01  2.404469e+01  3.618422e+01  4.607237e+01  5.268831e+01  5.671543e+01 
 8.167881e-01  4.680601e+00  1.303834e+01  2.505664e+01  3.768077e+01  4.788651e+01  5.464800e+01  5.873153e+01 
 8.458553e-01  4.862247e+00  1.358321e+01  2.613853e+01  3.927902e+01  4.981095e+01  5.670737e+01  6.083064e+01 
 8.757401e-01  5.051271e+00  1.415645e+01  2.728334e+01  4.096869e+01  5.183331e+01  5.885396e+01  6.300179e+01 
 9.065743e-01  5.248671e+00  1.476139e+01  2.849727e+01  4.275634e+01  5.395710e+01  6.108712e+01  6.524127e+01 
 9.384235e-01  5.455037e+00  1.540021e+01  2.978437e+01  4.464546e+01  5.618235e+01  6.340311e+01  6.754310e+01 
 9.685394e-01  5.654398e+00  1.603088e+01  3.107454e+01  4.655137e+01  5.842596e+01  6.571969e+01  6.979673e+01 
 1.005279e+00  5.895885e+00  1.678458e+01  3.258701e+01  4.873212e+01  6.092853e+01  6.826409e+01  7.231096e+01 
 1.040407e+00  6.131451e+00  1.753414e+01  3.410957e+01  5.093418e+01  6.344656e+01  7.079987e+01  7.476571e+01 
 1.074502e+00  6.364775e+00  1.829020e+01  3.565990e+01  5.317467e+01  6.598762e+01  7.332098e+01  7.713952e+01 
 1.114307e+00  6.635233e+00  1.915727e+01  3.741232e+01  5.566085e+01  6.875560e+01  7.604916e+01  7.978150e+01 
 1.153188e+00  6.904485e+00  2.003479e+01  3.919870e+01  5.818661e+01  7.153843e+01  7.874879e+01  8.232914e+01 
 1.193430e+00  7.186030e+00  2.095903e+01  4.107909e+01  6.082064e+01  7.440022e+01  8.148850e+01  8.489458e+01 
 1.235037e+00  7.479872e+00  2.192992e+01  4.305183e+01  6.355652e+01  7.733049e+01  8.425778e+01  8.747058e+01 
 1.278194e+00  7.787727e+00  2.295390e+01  4.512837e+01  6.640348e+01  8.033091e+01  8.705265e+01  9.005237e+01 
 1.323276e+00  8.112510e+00  2.404110e+01  4.732720e+01  6.938013e+01  8.341391e+01  8.988087e+01  9.264739e+01 
 1.369758e+00  8.450294e+00  2.517805e+01  4.961922e+01  7.244377e+01  8.653531e+01  9.270700e+01  9.523165e+01 
 7.095705e-01  4.031071e+00  1.114543e+01  2.136160e+01  3.222610e+01  4.123292e+01  4.738293e+01  5.117044e+01 
 7.384095e-01  4.204060e+00  1.164599e+01  2.233983e+01  3.368804e+01  4.305466e+01  4.942175e+01  5.333871e+01 
 7.681472e-01  4.384508e+00  1.217403e+01  2.337932e+01  3.524381e+01  4.498627e+01  5.156960e+01  5.560703e+01 
 7.988013e-01  4.572666e+00  1.273065e+01  2.448236e+01  3.689571e+01  4.702824e+01  5.382448e+01  5.797131e+01 
 8.303907e-01  4.768794e+00  1.331701e+01  2.565131e+01  3.864600e+01  4.918081e+01  5.618390e+01  6.042688e+01 
 8.631484e-01  4.974534e+00  1.393837e+01  2.689620e+01  4.050697e+01  5.145429e+01  5.865401e+01  6.297599e+01 
 8.968398e-01  5.188508e+00  1.459105e+01  2.821034e+01  4.246874e+01  5.383635e+01  6.122163e+01  6.560597e+01 
 9.316031e-01  5.411765e+00  1.527859e+01  2.960041e+01  4.453851e+01  5.633113e+01  6.388660e+01  6.831333e+01 
 9.675118e-01  5.644957e+00  1.600341e+01  3.107098e+01  4.672047e+01  5.893925e+01  6.664544e+01  7.109199e+01 
 1.002282e+00  5.874876e+00  1.673096e+01  3.256462e+01  4.894500e+01  6.159134e+01  6.942742e+01  7.384408e+01 
 1.042878e+00  6.142458e+00  1.757054e+01  3.426391e+01  5.142646e+01  6.448709e+01  7.242348e+01  7.683590e+01 
 1.082459e+00  6.407892e+00  1.841715e+01  3.599395e+01  5.395567e+01  6.742391e+01  7.543246e+01  7.978779e+01 
 1.121521e+00  6.674387e+00  1.928015e+01  3.777037e+01  5.654729e+01  7.040718e+01  7.844698e+01  8.267832e+01 
 1.165680e+00  6.974753e+00  2.024680e+01  3.973875e+01  5.937403e+01  7.360703e+01  8.165540e+01  8.581131e+01 
 1.209436e+00  7.277302e+00  2.123422e+01  4.176056e+01  6.226500e+01  7.684490e+01  8.485409e+01  8.886706e+01 
 1.254701e+00  7.593372e+00  2.227306e+01  4.388655e+01  6.527753e+01  8.017339e+01  8.809989e+01  9.194164e+01 
 1.301470e+00  7.922948e+00  2.336333e+01  4.611525e+01  6.840521e+01  8.358150e+01  9.138116e+01  9.502610e+01 
 1.349960e+00  8.267957e+00  2.451211e+01  4.845922e+01  7.165816e+01  8.707111e+01  9.469357e+01  9.811512e+01 
 1.400561e+00  8.631471e+00  2.573015e+01  5.093804e+01  7.505574e+01  9.065434e+01  9.804363e+01  1.012142e+02 
 1.452703e+00  9.009272e+00  2.700321e+01  5.352126e+01  7.855338e+01  9.428497e+01  1.013938e+02  1.042972e+02 
 7.095571e-01  4.030994e+00  1.114522e+01  2.136119e+01  3.222550e+01  4.123215e+01  4.738203e+01  5.116945e+01 
 7.413988e-01  4.223378e+00  1.170696e+01  2.247021e+01  3.390075e+01  4.334151e+01  4.976372e+01  5.371755e+01 
 7.742387e-01  4.423917e+00  1.229846e+01  2.364529e+01  3.567717e+01  4.556997e+01  5.226492e+01  5.637694e+01 
 8.080996e-01  4.632901e+00  1.292099e+01  2.488910e+01  3.755769e+01  4.791870e+01  5.488416e+01  5.914372e+01 
 8.430056e-01  4.850636e+00  1.357589e+01  2.620445e+01  3.954521e+01  5.038858e+01  5.761939e+01  6.201332e+01 
 8.791860e-01  5.078755e+00  1.426844e+01  2.760150e+01  4.165229e+01  5.299027e+01  6.047711e+01  6.498829e+01 
 9.164092e-01  5.315920e+00  1.499516e+01  2.907401e+01  4.386956e+01  5.571159e+01  6.344352e+01  6.805418e+01 
 9.548185e-01  5.563220e+00  1.575974e+01  3.062906e+01  4.620486e+01  5.855735e+01  6.651898e+01  7.120784e+01 
 9.922287e-01  5.808089e+00  1.652957e+01  3.221307e+01  4.859445e+01  6.146555e+01  6.964166e+01  7.436373e+01 
 1.035447e+00  6.090589e+00  1.741167e+01  3.400421e+01  5.124494e+01  6.462288e+01  7.298102e+01  7.775134e+01 
 1.076191e+00  6.362454e+00  1.827867e+01  3.579140e+01  5.390754e+01  6.779465e+01  7.631037e+01  8.105521e+01 
 1.121477e+00  6.664871e+00  1.924032e+01  3.775709e+01  5.679484e+01  7.117803e+01  7.982285e+01  8.455998e+01 
 1.166654e+00  6.970979e+00  2.022643e+01  3.978499e+01  5.976654e+01  7.463277e+01  8.336910e+01  8.804185e+01 
 1.213354e+00  7.290536e+00  2.126357e+01  4.191927e+01  6.287178e+01  7.820091e+01  8.698865e+01  9.156344e+01 
 1.261639e+00  7.624145e+00  2.235416e+01  4.416382e+01  6.611154e+01  8.187768e+01  9.067285e+01  9.511545e+01 
 1.311572e+00  7.972437e+00  2.350067e+01  4.652249e+01  6.948626e+01  8.565747e+01  9.441245e+01  9.868861e+01 
 1.363137e+00  8.335381e+00  2.470320e+01  4.899410e+01  7.298971e+01  8.952900e+01  9.819484e+01  1.022722e+02 
 1.416582e+00  8.715099e+00  2.596945e+01  5.159217e+01  7.663275e+01  9.349416e+01  1.020152e+02  1.058603e+02 
 1.472314e+00  9.114796e+00  2.731067e+01  5.433720e+01  8.043521e+01  9.756454e+01  1.058785e+02  1.094559e+02 
 1.529715e+00  9.530009e+00  2.871202e+01  5.719776e+01  8.435133e+01  1.016926e+02  1.097457e+02  1.130312e+02 
 7.095443e-01  4.030920e+00  1.114501e+01  2.136080e+01  3.222490e+01  4.123136e+01  4.738108e+01  5.116839e+01 
 7.441014e-01  4.240847e+00  1.176210e+01  2.258817e+01  3.409324e+01  4.360120e+01  5.007340e+01  5.406071e+01 
 7.797471e-01  4.459564e+00  1.241106e+01  2.388611e+01  3.606984e+01  4.609926e+01  5.289587e+01  5.707597e+01 
 8.165088e-01  4.687402e+00  1.309333e+01  2.525770e+01  3.815823e+01  4.872742e+01  5.584761e+01  6.021057e+01 
 8.544159e-01  4.924710e+00  1.381041e+01  2.670614e+01  4.036192e+01  5.148720e+01  5.892704e+01  6.346006e+01 
 8.936921e-01  5.173096e+00  1.456757e+01  2.824165e+01  4.269366e+01  5.438951e+01  6.214098e+01  6.682739e+01 
 9.341113e-01  5.431279e+00  1.536155e+01  2.985850e+01  4.514468e+01  5.742246e+01  6.547505e+01  7.029627e+01 
 9.758203e-01  5.700382e+00  1.619620e+01  3.156413e+01  4.772339e+01  6.059147e+01  6.893022e+01  7.386402e+01 
 1.018907e+00  5.981169e+00  1.707439e+01  3.336407e+01  5.043525e+01  6.389832e+01  7.250369e+01  7.752455e+01 
 1.063384e+00  6.273904e+00  1.799747e+01  3.526098e+01  5.328169e+01  6.734042e+01  7.618866e+01  8.126815e+01 
 1.109329e+00  6.579291e+00  1.896813e+01  3.725998e+01  5.626723e+01  7.091824e+01  7.998114e+01  8.508783e+01 
 1.156786e+00  6.897820e+00  1.998845e+01  3.936486e+01  5.939386e+01  7.462861e+01  8.387317e+01  8.897314e+01 
 1.205822e+00  7.230152e+00  2.106108e+01  4.158031e+01  6.266441e+01  7.846901e+01  8.785749e+01  9.291448e+01 
 1.256503e+00  7.576925e+00  2.218855e+01  4.391075e+01  6.608089e+01  8.243565e+01  9.192562e+01  9.690157e+01 
 1.308890e+00  7.938779e+00  2.337347e+01  4.636047e+01  6.964461e+01  8.652369e+01  9.606824e+01  1.009238e+02 
 1.363051e+00  8.316384e+00  2.461852e+01  4.893372e+01  7.335632e+01  9.072736e+01  1.002753e+02  1.049705e+02 
 1.418962e+00  8.709702e+00  2.592392e+01  5.162970e+01  7.721018e+01  9.503529e+01  1.045335e+02  1.090291e+02 
 1.476900e+00  9.121026e+00  2.729786e+01  5.446273e+01  8.121753e+01  9.944923e+01  1.088373e+02  1.130931e+02 
 1.537279e+00  9.553667e+00  2.875201e+01  5.745398e+01  8.539841e+01  1.039799e+02  1.131899e+02  1.171628e+02 
 1.599449e+00  1.000297e+01  3.027113e+01  6.057153e+01  8.970658e+01  1.085793e+02  1.175513e+02  1.212088e+02 
 7.095323e-01  4.030851e+00  1.114482e+01  2.136042e+01  3.222431e+01  4.123056e+01  4.738011e+01  5.116729e+01 
 7.464710e-01  4.256166e+00  1.181046e+01  2.269165e+01  3.426217e+01  4.382915e+01  5.034531e+01  5.436206e+01 
 7.845778e-01  4.490834e+00  1.250988e+01  2.409757e+01  3.641483e+01  4.656458e+01  5.345092e+01  5.769118e+01 
 8.238846e-01  4.735225e+00  1.324464e+01  2.558160e+01  3.868642e+01  4.943941e+01  5.669662e+01  6.115136e+01 
 8.644254e-01  4.989725e+00  1.401642e+01  2.714731e+01  4.108101e+01  5.245578e+01  6.008136e+01  6.473837e+01 
 9.064170e-01  5.255909e+00  1.483041e+01  2.880492e+01  4.361140e+01  5.562475e+01  6.361220e+01  6.845557e+01 
 9.496407e-01  5.532563e+00  1.568363e+01  3.054924e+01  4.626955e+01  5.893481e+01  6.727430e+01  7.228484e+01 
 9.942458e-01  5.820834e+00  1.658005e+01  3.238803e+01  4.906434e+01  6.239194e+01  7.106921e+01  7.622408e+01 
 1.040326e+00  6.121530e+00  1.752269e+01  3.432721e+01  5.200179e+01  6.599849e+01  7.499451e+01  8.026732e+01 
 1.087897e+00  6.434957e+00  1.851309e+01  3.636987e+01  5.508388e+01  6.975221e+01  7.904327e+01  8.440393e+01 
 1.137029e+00  6.761785e+00  1.955393e+01  3.852119e+01  5.831514e+01  7.365325e+01  8.321068e+01  8.862549e+01 
 1.187772e+00  7.102563e+00  2.064752e+01  4.078543e+01  6.169815e+01  7.769891e+01  8.748889e+01  9.292114e+01 
 1.240198e+00  7.457994e+00  2.179667e+01  4.316770e+01  6.523622e+01  8.188686e+01  9.187034e+01  9.728039e+01 
 1.294374e+00  7.828746e+00  2.300410e+01  4.567280e+01  6.893174e+01  8.621338e+01  9.634612e+01  1.016919e+02 
 1.350365e+00  8.215495e+00  2.427259e+01  4.830540e+01  7.278637e+01  9.067358e+01  1.009063e+02  1.061437e+02 
 1.408240e+00  8.618945e+00  2.560499e+01  5.107015e+01  7.680116e+01  9.526157e+01  1.055402e+02  1.106239e+02 
 1.467971e+00  9.039062e+00  2.700166e+01  5.396665e+01  8.097078e+01  9.996612e+01  1.102337e+02  1.151182e+02 
 1.529856e+00  9.478278e+00  2.847120e+01  5.700985e+01  8.530686e+01  1.047887e+02  1.149809e+02  1.196195e+02 
 1.594319e+00  9.939983e+00  3.002561e+01  6.022135e+01  8.982934e+01  1.097389e+02  1.197828e+02  1.241251e+02 
 1.660680e+00  1.041938e+01  3.164939e+01  6.356919e+01  9.449219e+01  1.147689e+02  1.245993e+02  1.286045e+02 
 7.095214e-01  4.030788e+00  1.114464e+01  2.136006e+01  3.222374e+01  4.122979e+01  4.737915e+01  5.116616e+01 
 7.484670e-01  4.269071e+00  1.185122e+01  2.277887e+01  3.440456e+01  4.402134e+01  5.057461e+01  5.461622e+01 
 7.886479e-01  4.517188e+00  1.259319e+01  2.427592e+01  3.670596e+01  4.695746e+01  5.391979e+01  5.821108e+01 
 8.301002e-01  4.775541e+00  1.337227e+01  2.585497e+01  3.913257e+01  5.004132e+01  5.741493e+01  6.194780e+01 
 8.728618e-01  5.044549e+00  1.419026e+01  2.751993e+01  4.168899e+01  5.327564e+01  6.105946e+01  6.582237e+01 
 9.171413e-01  5.325743e+00  1.505226e+01  2.928088e+01  4.438795e+01  5.667147e+01  6.486062e+01  6.983864e+01 
 9.627294e-01  5.617990e+00  1.595559e+01  3.113327e+01  4.722219e+01  6.021781e+01  6.880320e+01  7.397670e+01 
 1.009776e+00  5.922447e+00  1.690427e+01  3.308507e+01  5.020095e+01  6.392113e+01  7.288932e+01  7.823508e+01 
 1.058380e+00  6.239958e+00  1.790148e+01  3.514253e+01  5.333076e+01  6.778424e+01  7.711695e+01  8.260799e+01 
 1.108562e+00  6.570871e+00  1.894894e+01  3.730915e+01  5.661410e+01  7.180527e+01  8.147904e+01  8.708402e+01 
 1.160381e+00  6.915822e+00  2.004928e+01  3.959011e+01  6.005548e+01  7.598407e+01  8.597005e+01  9.165339e+01 
 1.213897e+00  7.275411e+00  2.120502e+01  4.199013e+01  6.365803e+01  8.031835e+01  9.058225e+01  9.630492e+01 
 1.269183e+00  7.650376e+00  2.241913e+01  4.451467e+01  6.742550e+01  8.480602e+01  9.530790e+01  1.010274e+02 
 1.326308e+00  8.041414e+00  2.369448e+01  4.716888e+01  7.136061e+01  8.944342e+01  1.001377e+02  1.058084e+02 
 1.385340e+00  8.449231e+00  2.503398e+01  4.995774e+01  7.546535e+01  9.422567e+01  1.050612e+02  1.106350e+02 
 1.446348e+00  8.874559e+00  2.644066e+01  5.288625e+01  7.974106e+01  9.914681e+01  1.100672e+02  1.154940e+02 
 1.509303e+00  9.317378e+00  2.791503e+01  5.595452e+01  8.418304e+01  1.041959e+02  1.151412e+02  1.203697e+02 
 1.574521e+00  9.780225e+00  2.946600e+01  5.917784e+01  8.880293e+01  1.093739e+02  1.202765e+02  1.252542e+02 
 1.642429e+00  1.026654e+01  3.110573e+01  6.257804e+01  9.362032e+01  1.146892e+02  1.254719e+02  1.301421e+02 
 1.712328e+00  1.077145e+01  3.281872e+01  6.612352e+01  9.859005e+01  1.200949e+02  1.306878e+02  1.350021e+02 
 7.095117e-01  4.030731e+00  1.114448e+01  2.135974e+01  3.222321e+01  4.122905e+01  4.737821e+01  5.116505e+01 
 7.500552e-01  4.279341e+00  1.188365e+01  2.284830e+01  3.451794e+01  4.417438e+01  5.075721e+01  5.481863e+01 
 7.918877e-01  4.538170e+00  1.265954e+01  2.441801e+01  3.693798e+01  4.727072e+01  5.429376e+01  5.862586e+01 
 8.350487e-01  4.807647e+00  1.347396e+01  2.607290e+01  3.948845e+01  5.052176e+01  5.798862e+01  6.258416e+01 
 8.795799e-01  5.088224e+00  1.432882e+01  2.781716e+01  4.217438e+01  5.393075e+01  6.184166e+01  6.668977e+01 
 9.256800e-01  5.381372e+00  1.522912e+01  2.966066e+01  4.500828e+01  5.750861e+01  6.586020e+01  7.094698e+01 
 9.731512e-01  5.686050e+00  1.617245e+01  3.159951e+01  4.798371e+01  6.124488e+01  7.002876e+01  7.533423e+01 
 1.022143e+00  6.003416e+00  1.716289e+01  3.364181e+01  5.111020e+01  6.514642e+01  7.434996e+01  7.985070e+01 
 1.072758e+00  6.334341e+00  1.820372e+01  3.579407e+01  5.439464e+01  6.921646e+01  7.882215e+01  8.449087e+01 
 1.125020e+00  6.679210e+00  1.929681e+01  3.806012e+01  5.783998e+01  7.345344e+01  8.343822e+01  8.924263e+01 
 1.178981e+00  7.038624e+00  2.044476e+01  4.044516e+01  6.145065e+01  7.785692e+01  8.819192e+01  9.409495e+01 
 1.234705e+00  7.413231e+00  2.165026e+01  4.295425e+01  6.523030e+01  8.242502e+01  9.307573e+01  9.903654e+01 
 1.292269e+00  7.803794e+00  2.291640e+01  4.559318e+01  6.918301e+01  8.715584e+01  9.808175e+01  1.040555e+02 
 1.351745e+00  8.211036e+00  2.424617e+01  4.836735e+01  7.331182e+01  9.204581e+01  1.032004e+02  1.091387e+02 
 1.413200e+00  8.635683e+00  2.564261e+01  5.128205e+01  7.761897e+01  9.709006e+01  1.084208e+02  1.142722e+02 
 1.476707e+00  9.078495e+00  2.710887e+01  5.434252e+01  8.210606e+01  1.022826e+02  1.137313e+02  1.194417e+02 
 1.542233e+00  9.539469e+00  2.864564e+01  5.754942e+01  8.676911e+01  1.076129e+02  1.191173e+02  1.246305e+02 
 1.610107e+00  1.002122e+01  3.026200e+01  6.091818e+01  9.161953e+01  1.130814e+02  1.245712e+02  1.298301e+02 
 1.680761e+00  1.052720e+01  3.197019e+01  6.447056e+01  9.667623e+01  1.186949e+02  1.300898e+02  1.350324e+02 
 1.753481e+00  1.105251e+01  3.375487e+01  6.817576e+01  1.018956e+02  1.244082e+02  1.356346e+02  1.402055e+02 
 7.095034e-01  4.030683e+00  1.114434e+01  2.135945e+01  3.222274e+01  4.122837e+01  4.737732e+01  5.116399e+01 
 7.512083e-01  4.286799e+00  1.190721e+01  2.289873e+01  3.460029e+01  4.428555e+01  5.088984e+01  5.496564e+01 
 7.942414e-01  4.553416e+00  1.270776e+01  2.452131e+01  3.710672e+01  4.749857e+01  5.456584e+01  5.892765e+01 
 8.386450e-01  4.830987e+00  1.354790e+01  2.623144e+01  3.974746e+01  5.087156e+01  5.840648e+01  6.304778e+01 
 8.844638e-01  5.119986e+00  1.442964e+01  2.803353e+01  4.252793e+01  5.440820e+01  6.241203e+01  6.732249e+01 
 9.318857e-01  5.421817e+00  1.535777e+01  2.993714e+01  4.546026e+01  5.811911e+01  6.658979e+01  7.175648e+01 
 9.807260e-01  5.735540e+00  1.633024e+01  3.193907e+01  4.853889e+01  6.199445e+01  7.092408e+01  7.632669e+01 
 1.031133e+00  6.062302e+00  1.735112e+01  3.404744e+01  5.177345e+01  6.604130e+01  7.541795e+01  8.103299e+01 
 1.083209e+00  6.402990e+00  1.842375e+01  3.626894e+01  5.517108e+01  7.026321e+01  8.007007e+01  8.587013e+01 
 1.136984e+00  6.758022e+00  1.955013e+01  3.860769e+01  5.873518e+01  7.465894e+01  8.487331e+01  9.082542e+01 
 1.192503e+00  7.127969e+00  2.073283e+01  4.106885e+01  6.247004e+01  7.922771e+01  8.982078e+01  9.588681e+01 
 1.249833e+00  7.513513e+00  2.197464e+01  4.365777e+01  6.637968e+01  8.396801e+01  9.490519e+01  1.010430e+02 
 1.309055e+00  7.915439e+00  2.327876e+01  4.638046e+01  7.046849e+01  8.887810e+01  1.001185e+02  1.062816e+02 
 1.370240e+00  8.334486e+00  2.464828e+01  4.924253e+01  7.473972e+01  9.395447e+01  1.054510e+02  1.115889e+02 
 1.433458e+00  8.771399e+00  2.608633e+01  5.224946e+01  7.919583e+01  9.919228e+01  1.108916e+02  1.169502e+02 
 1.498782e+00  9.226954e+00  2.759613e+01  5.540674e+01  8.383859e+01  1.045855e+02  1.164281e+02  1.223506e+02 
 1.566179e+00  9.701176e+00  2.917859e+01  5.871554e+01  8.866482e+01  1.101243e+02  1.220460e+02  1.277723e+02 
 1.635988e+00  1.019671e+01  3.084282e+01  6.219118e+01  9.368543e+01  1.158082e+02  1.277371e+02  1.332065e+02 
 1.708636e+00  1.071701e+01  3.260100e+01  6.585512e+01  9.891840e+01  1.216425e+02  1.334960e+02  1.386428e+02 
 1.783409e+00  1.125721e+01  3.443815e+01  6.967773e+01  1.043222e+02  1.275842e+02  1.392858e+02  1.440494e+02 
 7.094966e-01  4.030642e+00  1.114422e+01  2.135920e+01  3.222232e+01  4.122776e+01  4.737653e+01  5.116301e+01 
 7.519067e-01  4.291316e+00  1.192148e+01  2.292928e+01  3.465018e+01  4.435288e+01  5.097015e+01  5.505461e+01 
 7.956687e-01  4.562664e+00  1.273701e+01  2.458398e+01  3.720910e+01  4.763682e+01  5.473090e+01  5.911071e+01 
 8.408273e-01  4.845153e+00  1.359280e+01  2.632771e+01  3.990477e+01  5.108404e+01  5.866030e+01  6.332935e+01 
 8.874295e-01  5.139278e+00  1.449090e+01  2.816503e+01  4.274286e+01  5.469851e+01  6.275888e+01  6.770722e+01 
 9.356513e-01  5.446366e+00  1.543589e+01  3.010511e+01  4.573500e+01  5.849043e+01  6.703379e+01  7.224930e+01 
 9.853226e-01  5.765583e+00  1.642608e+01  3.214543e+01  4.887649e+01  6.245058e+01  7.146926e+01  7.693132e+01 
 1.036588e+00  6.098054e+00  1.746547e+01  3.429403e+01  5.217695e+01  6.658616e+01  7.606869e+01  8.175373e+01 
 1.089552e+00  6.444672e+00  1.855743e+01  3.655768e+01  5.564363e+01  7.090088e+01  8.083095e+01  8.671160e+01 
 1.144247e+00  6.805887e+00  1.970409e+01  3.894077e+01  5.928026e+01  7.539376e+01  8.574894e+01  9.179183e+01 
 1.200711e+00  7.182235e+00  2.090792e+01  4.144832e+01  6.309095e+01  8.006367e+01  9.081520e+01  9.698153e+01 
 1.259017e+00  7.574426e+00  2.217183e+01  4.408592e+01  6.708004e+01  8.490941e+01  9.602268e+01  1.022695e+02 
 1.319245e+00  7.983260e+00  2.349909e+01  4.685970e+01  7.125205e+01  8.992936e+01  1.013634e+02  1.076432e+02 
 1.381468e+00  8.409484e+00  2.489282e+01  4.977541e+01  7.561040e+01  9.512004e+01  1.068273e+02  1.130883e+02 
 1.445757e+00  8.853855e+00  2.635620e+01  5.283866e+01  8.015768e+01  1.004766e+02  1.124032e+02  1.185900e+02 
 1.512185e+00  9.317159e+00  2.789253e+01  5.605505e+01  8.489578e+01  1.059931e+02  1.180788e+02  1.241325e+02 
 1.580719e+00  9.799456e+00  2.950292e+01  5.942631e+01  8.982230e+01  1.116603e+02  1.238398e+02  1.296979e+02 
 1.651705e+00  1.030339e+01  3.119638e+01  6.296740e+01  9.494743e+01  1.174769e+02  1.296773e+02  1.352770e+02 
 1.725562e+00  1.083237e+01  3.298491e+01  6.669921e+01  1.002880e+02  1.234465e+02  1.355841e+02  1.408574e+02 
 1.801581e+00  1.138163e+01  3.485406e+01  7.059364e+01  1.058049e+02  1.295288e+02  1.415251e+02  1.464082e+02 
 7.094914e-01  4.030612e+00  1.114413e+01  2.135901e+01  3.222199e+01  4.122726e+01  4.737585e+01  5.116216e+01 
 7.521382e-01  4.292815e+00  1.192622e+01  2.293943e+01  3.466674e+01  4.437518e+01  5.099669e+01  5.508394e+01 
 7.961450e-01  4.565752e+00  1.274679e+01  2.460492e+01  3.724327e+01  4.768292e+01  5.478585e+01  5.917154e+01 
 8.415579e-01  4.849899e+00  1.360784e+01  2.635997e+01  3.995744e+01  5.115510e+01  5.874506e+01  6.342322e+01 
 8.884257e-01  5.145762e+00  1.451149e+01  2.820922e+01  4.281503e+01  5.479589e+01  6.287504e+01  6.783582e+01 
 9.369116e-01  5.454586e+00  1.546206e+01  3.016139e+01  4.582707e+01  5.861489e+01  6.718262e+01  7.241451e+01 
 9.868615e-01  5.775645e+00  1.645819e+01  3.221459e+01  4.898968e+01  6.260354e+01  7.165210e+01  7.713409e+01 
 1.038415e+00  6.110033e+00  1.750380e+01  3.437673e+01  5.231230e+01  6.676897e+01  7.628703e+01  8.199555e+01 
 1.091677e+00  6.458639e+00  1.860225e+01  3.665452e+01  5.580219e+01  7.111493e+01  8.108645e+01  8.699422e+01 
 1.146682e+00  6.821939e+00  1.975574e+01  3.905255e+01  5.946329e+01  7.564063e+01  8.604327e+01  9.211679e+01 
 1.203463e+00  7.200434e+00  2.096666e+01  4.157569e+01  6.329949e+01  8.034459e+01  9.114955e+01  9.734975e+01 
 1.262096e+00  7.594856e+00  2.223800e+01  4.422965e+01  6.731529e+01  8.522585e+01  9.639852e+01  1.026822e+02 
 1.322662e+00  8.006006e+00  2.357302e+01  4.702060e+01  7.151531e+01  9.028280e+01  1.017821e+02  1.081014e+02 
 1.385233e+00  8.434639e+00  2.497487e+01  4.995434e+01  7.590298e+01  9.551201e+01  1.072904e+02  1.135931e+02 
 1.449880e+00  8.881512e+00  2.644677e+01  5.303652e+01  8.048095e+01  1.009086e+02  1.129120e+02  1.191421e+02 
 1.516678e+00  9.347417e+00  2.799201e+01  5.627279e+01  8.525115e+01  1.064667e+02  1.186346e+02  1.247327e+02 
 1.585597e+00  9.832452e+00  2.961191e+01  5.966540e+01  9.021197e+01  1.121777e+02  1.244443e+02  1.303467e+02 
 1.656979e+00  1.033923e+01  3.131527e+01  6.322871e+01  9.537264e+01  1.180395e+02  1.303316e+02  1.359751e+02 
 1.731237e+00  1.087107e+01  3.311378e+01  6.698282e+01  1.007486e+02  1.240538e+02  1.362876e+02  1.416038e+02 
 1.807674e+00  1.142337e+01  3.499368e+01  7.090142e+01  1.063037e+02  1.301836e+02  1.422798e+02  1.472033e+02 
